FirstLineOfData=25
#-----------------------------------------------------------
# Name: OC91.2.dat
# Format: Focal Data File 1.0
# Updated: Mon Aug 21 08:11:25 CEST 2017
#-----------------------------------------------------------
 
FocalMasterFile=D:/JWatcher/Datos/FU Experiments.fmf
 
# Observation started: Mon Aug 21 08:03:24 CEST 2017
StartTime=1503295404094
# Observation stopped: Mon Aug 21 08:10:54 CEST 2017
StopTime=1503295854094
 
Answer.1=OC91.2
Answer.2=Osmia cornuta
Answer.3=Female
Answer.4=Treatment
Answer.5=Yellow right
Answer.6=2x
 
 
 
#BEGIN DATA
0, u
6922, 1
22668, q
24230, 1
25652, o
26381, u
27316, q
28320, 1
29390, 2
31089, w
32120, 2
33269, 1
36246, o
37179, u
38956, q
39469, 1
40608, o
41310, u
42266, q
43621, 1
46875, q
47481, 1
49124, 3
52721, o
53372, u
55536, 4
59195, 2
60069, w
60751, 2
61863, 1
62252, q
63211, 1
65574, o
66716, u
69180, o
78758, u
82012, o
82466, u
91791, 3
92497, 4
93307, 3
96756, 1
97265, 2
98109, w
98808, 2
101375, 1
103689, o
104415, u
105311, q
105830, 1
106802, 3
108341, 1
110633, 3
113618, 4
122186, 1
123165, 2
124899, 1
128149, 3
129937, o
130768, u
132198, 4
135119, 2
137523, o
138013, u
138735, w
139021, 2
143238, 1
144014, q
145810, 1
155977, q
156468, 1
157552, q
158040, 1
160254, 3
161057, 4
162668, o
163941, u
169831, 2
170500, w
171859, 2
173499, 1
174604, q
175436, 1
177014, 2
177826, w
178365, 2
181243, 4
183163, o
184673, u
189222, 1
189686, q
193264, 1
200933, q
204151, 1
206021, 2
207988, 3
209538, 1
217404, 2
218898, 4
222178, 3
224730, 1
226179, q
226985, 1
229370, 3
235242, 1
235614, q
236218, 1
237110, 2
237406, w
238008, 2
239527, 4
240703, 3
245739, 1
254473, 3
256590, 4
261774, 2
264936, 1
270520, 3
271160, 4
277689, o
279469, u
282487, 3
283555, 4
289184, 2
290202, w
290719, 2
302312, 3
310206, 1
316796, 2
323460, 4
325962, 3
332657, 4
336287, 2
338779, w
339003, 2
342354, 1
343601, q
345072, 1
347272, 3
352561, 4
357861, 2
361650, 1
362807, q
363853, 1
372584, 2
382134, w
384292, 2
386274, 4
390968, o
394443, u
397436, 2
398265, w
400090, 2
411406, 1
412964, 3
413950, 1
421380, 2
436022, w
437755, 2
438900, 1
441296, 3
446131, 4
450000, EOF
